1.736177100000000084e-01
1.716403900000000038e-01
1.669724700000000117e-01
1.636788799999999988e-01
1.602486999999999939e-01
1.582424000000000053e-01
1.570442999999999978e-01
1.547917900000000124e-01
1.547679000000000138e-01
1.559892200000000118e-01
1.558446300000000118e-01
1.570389699999999999e-01
1.591577700000000040e-01
1.638362700000000061e-01
1.670067699999999988e-01
1.725085899999999894e-01
1.783462100000000050e-01
1.871338499999999905e-01
1.960527900000000046e-01
2.050450099999999998e-01
2.095240800000000014e-01
2.172389799999999982e-01
2.251800499999999927e-01
2.354546799999999995e-01
2.410065000000000124e-01
2.441973699999999969e-01
2.487373099999999893e-01
2.509001000000000148e-01
2.488526799999999928e-01
2.519214699999999807e-01
2.575329499999999827e-01
2.642148999999999748e-01
2.700996700000000139e-01
2.767526100000000100e-01
2.798810899999999990e-01
2.834294600000000219e-01
2.834266200000000180e-01
2.833882300000000187e-01
2.811513199999999824e-01
2.822123899999999797e-01
2.834084299999999890e-01
2.853385999999999978e-01
2.864948700000000126e-01
2.900614100000000195e-01
2.932165999999999939e-01
2.932626500000000136e-01
2.956132300000000046e-01
2.999899899999999842e-01
3.090009699999999859e-01
3.168732899999999741e-01
3.258865400000000023e-01
3.368247999999999798e-01
3.503718100000000057e-01
3.605767000000000277e-01
3.739164200000000271e-01
3.861604299999999990e-01
3.849439299999999897e-01
3.750257499999999911e-01
3.762397599999999787e-01
3.738669900000000101e-01
3.695316699999999788e-01
3.671793600000000102e-01
3.671270799999999945e-01
3.661145599999999778e-01
3.684276699999999849e-01
3.683827900000000155e-01
3.715634299999999723e-01
3.738584699999999983e-01
3.794233599999999873e-01
3.828535399999999922e-01
3.838211799999999840e-01
3.837790999999999841e-01
3.837057999999999858e-01
3.837268200000000240e-01
3.829558100000000076e-01
3.794756300000000082e-01
3.727391299999999741e-01
3.625898499999999913e-01
3.514893000000000045e-01
3.414873900000000018e-01
3.337065499999999907e-01
3.278899599999999803e-01
3.258865400000000023e-01
3.246461700000000117e-01
3.270405399999999907e-01
3.289967999999999781e-01
3.290047500000000125e-01
3.346088500000000132e-01
3.435277800000000048e-01
3.569780200000000070e-01
3.749340600000000134e-01
3.963566199999999928e-01
4.175877299999999903e-01
4.418160099999999813e-01
4.698686000000000251e-01
5.023234199999999650e-01
5.380223699999999720e-01
5.648212099999999625e-01
5.926740200000000236e-01
6.217591999999999564e-01
6.461267499999999719e-01
6.640668899999999653e-01
6.762455099999999941e-01
6.817842299999999911e-01
6.806933299999999853e-01
6.695635599999999465e-01
6.494654199999999600e-01
6.303480200000000089e-01
6.071106499999999739e-01
5.713088499999999792e-01
5.253903399999999557e-01
4.774576099999999768e-01
4.293856799999999918e-01
3.993214999999999959e-01
3.602428599999999981e-01
3.256403800000000071e-01
2.986683800000000111e-01
2.831091499999999761e-01
2.686127200000000270e-01
2.596335599999999855e-01
2.583852500000000108e-01
2.563579200000000169e-01
2.516794299999999818e-01
2.518265800000000221e-01
2.528964899999999738e-01
2.540215200000000006e-01
2.552988099999999871e-01
2.563840600000000247e-01
2.584483100000000144e-01
2.640103599999999995e-01
2.686337400000000097e-01
2.785441399999999956e-01
2.899188400000000110e-01
2.988990999999999731e-01
3.033627899999999933e-01
3.045059900000000042e-01
3.045111099999999738e-01
3.032968799999999909e-01
3.009655800000000103e-01
2.965416599999999847e-01
2.942495700000000158e-01
2.919313499999999784e-01
2.887085500000000082e-01
2.863403199999999815e-01
2.844101600000000230e-01
2.842476600000000131e-01
2.832720699999999869e-01
2.810328200000000165e-01
2.776902800000000116e-01
2.707655700000000110e-01
2.640364900000000126e-01
2.597148100000000182e-01
2.565312200000000042e-01
2.506623599999999730e-01
2.474679700000000093e-01
2.428343599999999991e-01
2.373848400000000136e-01
2.317733700000000063e-01
2.318504600000000082e-01
2.340597799999999951e-01
2.475310400000000077e-01
2.610261999999999860e-01
2.779094899999999813e-01
2.913438199999999756e-01
3.011019500000000071e-01
3.101543999999999968e-01
3.077787900000000243e-01
2.999667300000000147e-01
2.876357999999999970e-01
2.688013599999999892e-01
2.610705099999999779e-01
2.476151600000000008e-01
2.396638700000000011e-01
2.329870300000000116e-01
2.295460500000000015e-01
2.263442699999999863e-01
2.251823199999999914e-01
2.252220900000000137e-01
2.275403199999999904e-01
2.308131200000000105e-01
2.374320000000000042e-01
2.453071300000000121e-01
2.520928100000000005e-01
2.586761499999999936e-01
2.676661100000000126e-01
2.779117300000000235e-01
2.901636799999999794e-01
3.047497699999999754e-01
3.203188100000000094e-01
3.393657500000000216e-01
3.605735700000000099e-01
3.807739500000000277e-01
4.019499100000000213e-01
4.208502700000000263e-01
4.388659699999999941e-01
4.534099799999999902e-01
4.588777099999999942e-01
4.554610199999999942e-01
4.432146800000000275e-01
4.231287200000000137e-01
4.030124400000000273e-01
3.806847400000000214e-01
3.660100199999999915e-01
3.503148500000000110e-01
3.369662800000000069e-01
3.223830599999999991e-01
3.065566100000000072e-01
2.911182500000000228e-01
2.779197199999999812e-01
2.687229500000000160e-01
2.596756100000000012e-01
2.519209000000000032e-01
2.498674399999999962e-01
2.506436100000000167e-01
2.486560600000000121e-01
2.440747199999999950e-01
2.428763999999999923e-01
2.427531099999999942e-01
2.406706700000000032e-01
2.395303500000000030e-01
2.359580900000000092e-01
2.394643999999999939e-01
2.439383599999999930e-01
2.475310400000000077e-01
2.497521000000000047e-01
2.529987699999999839e-01
2.565442900000000082e-01
2.596778800000000276e-01
2.640836500000000031e-01
2.675638300000000025e-01
2.699053599999999831e-01
2.743429099999999954e-01
2.754861200000000010e-01
2.786697100000000149e-01
2.797816599999999876e-01
2.809356599999999760e-01
2.832720699999999869e-01
2.831900099999999920e-01
2.820652300000000001e-01
2.808697600000000238e-01
2.764145499999999811e-01
2.764537499999999981e-01
2.752577099999999888e-01
2.753628200000000081e-01
2.752764600000000006e-01
2.752793000000000045e-01
2.706292100000000089e-01
2.650410300000000108e-01
2.572551100000000091e-01
2.518362399999999890e-01
2.422127400000000097e-01
2.322375700000000043e-01
2.214021399999999973e-01
2.108383100000000010e-01
2.000716300000000003e-01
1.896333299999999888e-01
1.809167000000000136e-01
1.743580600000000091e-01
1.700500299999999909e-01
1.682113600000000042e-01
1.678090700000000046e-01
1.691840900000000092e-01
1.727580200000000121e-01
1.770637800000000039e-01
1.816116000000000119e-01
1.862162099999999931e-01
1.920095400000000063e-01
1.974357599999999879e-01
2.011233600000000010e-01
2.047086499999999920e-01
2.071297199999999894e-01
2.101842999999999906e-01
2.148576899999999901e-01
2.196839100000000100e-01
2.256476900000000119e-01
2.330177099999999890e-01
2.414377500000000065e-01
2.502265699999999815e-01
2.598920800000000253e-01
2.694581699999999969e-01
2.778668400000000038e-01
2.842362999999999973e-01
2.877386399999999900e-01
2.878494300000000172e-01
2.860778299999999774e-01
2.831788900000000164e-01
2.805129399999999884e-01
2.775088900000000081e-01
2.749480499999999994e-01
2.733286799999999905e-01
2.721644599999999969e-01
2.717962800000000012e-01
2.718042299999999800e-01
2.731945900000000149e-01
2.755048700000000128e-01
2.784168699999999830e-01
2.817765999999999882e-01
2.864704399999999929e-01
2.912943900000000141e-01
2.930875800000000142e-01
2.965285999999999755e-01
2.997856600000000094e-01
3.030974499999999905e-01
3.056151100000000231e-01
3.075743200000000122e-01
3.076316299999999893e-01
3.087333600000000122e-01
3.099498600000000215e-01
3.122027399999999786e-01
3.154363399999999817e-01
3.177755899999999967e-01
3.208619799999999911e-01
3.222387400000000235e-01
3.245177699999999832e-01
3.220682599999999951e-01
3.255768499999999732e-01
3.256558600000000192e-01
3.277070100000000208e-01
3.299624899999999972e-01
3.334099600000000052e-01
3.334940499999999863e-01
3.377663000000000193e-01
3.421902600000000239e-01
3.457488499999999965e-01
3.481011600000000206e-01
3.513080499999999828e-01
3.548592500000000149e-01
3.547228900000000129e-01
3.568547200000000141e-01
3.568626799999999877e-01
3.568444900000000142e-01
3.567865399999999854e-01
3.524017899999999925e-01
3.488903600000000105e-01
3.421141200000000215e-01
3.323088000000000153e-01
3.220705300000000215e-01
3.109544300000000039e-01
3.019462900000000061e-01
2.916745000000000032e-01
2.841243700000000150e-01
2.783969800000000161e-01
2.752264600000000061e-01
2.740134799999999760e-01
2.716676599999999775e-01
2.705059200000000108e-01
2.684763199999999905e-01
2.696825999999999945e-01
2.685024599999999984e-01
2.661726200000000264e-01
2.638927799999999935e-01
2.607219000000000064e-01
2.571920400000000106e-01
2.549942700000000229e-01
2.516379499999999991e-01
2.472083099999999867e-01
2.449480400000000058e-01
2.437630399999999864e-01
2.426041700000000079e-01
2.425123100000000087e-01
2.426167499999999921e-01
2.416485399999999950e-01
2.416542200000000029e-01
2.393411099999999958e-01
2.338393199999999894e-01
2.260323499999999930e-01
2.192640299999999987e-01
2.078745999999999927e-01
1.980090899999999987e-01
1.889407200000000064e-01
1.786922200000000127e-01
1.710398099999999866e-01
1.633589799999999870e-01
1.577628600000000048e-01
1.519462699999999944e-01
1.487416599999999978e-01
1.463785499999999962e-01
1.432500800000000019e-01
1.408585499999999990e-01
1.409477700000000000e-01
1.365260799999999941e-01
1.329805599999999977e-01
1.295952700000000124e-01
1.253099699999999928e-01
1.219428500000000054e-01
1.174115099999999967e-01
1.153001000000000026e-01
1.118335699999999933e-01
1.107665000000000038e-01
1.095204600000000000e-01
1.095676200000000045e-01
1.107133099999999953e-01
1.130318899999999960e-01
1.142461200000000066e-01
1.163887599999999939e-01
1.174717400000000050e-01
1.198189399999999988e-01
1.210985100000000064e-01
1.187461900000000015e-01
1.174899199999999977e-01
1.164308200000000043e-01
1.163597799999999960e-01
1.188513199999999964e-01
1.231468500000000021e-01
1.298208499999999876e-01
1.388522699999999999e-01
1.490928099999999923e-01
1.581531999999999938e-01
1.680766800000000061e-01
1.771240199999999931e-01
1.850412300000000010e-01
1.936925100000000122e-01
2.013841500000000118e-01
2.116957200000000039e-01
2.184248000000000023e-01
2.263232500000000036e-01
2.330500899999999875e-01
2.397030699999999903e-01
2.440167699999999940e-01
2.474577400000000094e-01
2.508509899999999959e-01
2.543493499999999741e-01
2.564993999999999885e-01
2.554874400000000101e-01
2.531271700000000124e-01
2.487328299999999881e-01
2.440616499999999911e-01
2.395877299999999988e-01
2.360870999999999942e-01
2.329898699999999878e-01
2.317807500000000076e-01
2.306188000000000127e-01
2.306295899999999954e-01
2.262658700000000078e-01
2.227072800000000075e-01
2.195759599999999867e-01
2.147843899999999917e-01
2.128656999999999910e-01
2.082203699999999880e-01
2.049695500000000004e-01
2.050529700000000011e-01
2.050552399999999997e-01
2.082445199999999885e-01
2.140923499999999868e-01
2.205827999999999955e-01
2.286233000000000015e-01
2.353183199999999975e-01
2.397712499999999913e-01
2.451395199999999996e-01
2.498674399999999962e-01
2.564420099999999980e-01
2.620120100000000174e-01
2.687619399999999770e-01
2.742377999999999760e-01
2.797844999999999915e-01
2.797265500000000182e-01
2.808728099999999728e-01
2.808697600000000238e-01
2.797396200000000221e-01
2.785964100000000165e-01
2.775316199999999789e-01
2.754389600000000105e-01
2.741855300000000106e-01
2.718803699999999823e-01
2.663655200000000223e-01
2.607557400000000136e-01
2.540396999999999794e-01
2.496288100000000065e-01
2.485094700000000101e-01
2.484486700000000103e-01
2.506703100000000073e-01
2.505964500000000261e-01
2.497259699999999916e-01
2.462827200000000105e-01
2.462304499999999896e-01
2.462196500000000121e-01
2.450264500000000067e-01
2.439791900000000124e-01
2.427517899999999951e-01
2.427371999999999863e-01
2.439514200000000022e-01
2.506936100000000112e-01
2.574096499999999899e-01
2.652558300000000258e-01
2.754861200000000010e-01
2.853175700000000203e-01
2.978473700000000002e-01
3.077577699999999861e-01
3.124936500000000117e-01
3.133590199999999881e-01
3.125777399999999928e-01
3.114265800000000084e-01
3.057565800000000000e-01
3.011331999999999898e-01
2.957052800000000148e-01
2.921307799999999788e-01
2.877352300000000085e-01
2.834266200000000180e-01
2.788532300000000075e-01
2.756514899999999990e-01
2.721582399999999957e-01
2.721502900000000169e-01
2.733855399999999825e-01
2.743741599999999781e-01
2.768185599999999913e-01
2.799862100000000131e-01
2.823697700000000199e-01
2.835947999999999802e-01
2.854880300000000037e-01
2.867624799999999863e-01
2.889682100000000031e-01
2.913648400000000138e-01
2.922222500000000167e-01
2.945825300000000091e-01
2.901875500000000163e-01
2.854880300000000037e-01
2.835237700000000083e-01
2.824197700000000144e-01
2.812204999999999844e-01
2.812975899999999863e-01
2.788219800000000248e-01
2.788503900000000035e-01
2.788111799999999918e-01
2.789242499999999847e-01
2.767946900000000099e-01
2.779566500000000273e-01
2.780822199999999911e-01
2.756196399999999991e-01
2.721582399999999957e-01
2.689485099999999740e-01
2.677922400000000147e-01
2.643120600000000153e-01
2.633836299999999797e-01
2.623688299999999973e-01
2.610364199999999912e-01
2.623449700000000107e-01
2.623165599999999764e-01
2.611807400000000223e-01
2.622926899999999950e-01
2.633574900000000274e-01
2.654944699999999824e-01
2.677655400000000241e-01
2.702150099999999777e-01
2.709570800000000168e-01
2.722446000000000033e-01
2.722315399999999941e-01
2.757378500000000066e-01
2.834868400000000177e-01
2.914358599999999910e-01
3.012644800000000012e-01
3.104140599999999917e-01
3.181818299999999988e-01
3.279450700000000052e-01
3.328957599999999850e-01
3.401010099999999814e-01
3.475971600000000161e-01
3.534648799999999813e-01
3.571786900000000209e-01
3.597371799999999897e-01
3.607622100000000276e-01
3.564734800000000092e-01
3.483596800000000049e-01
3.392362099999999825e-01
3.305485599999999913e-01
3.215926900000000144e-01
3.140090099999999773e-01
2.982842900000000075e-01
2.805140799999999990e-01
2.655757200000000151e-01
2.501776700000000186e-01
2.346376099999999965e-01
2.182247999999999966e-01
2.020904000000000034e-01
1.855940600000000051e-01
1.680931599999999915e-01
1.515456900000000107e-01
1.353090200000000021e-01
1.200098700000000046e-01
1.080545200000000011e-01
9.933275699999999375e-02
9.136328100000000452e-02
8.558818699999999613e-02
8.321880700000000575e-02
8.687116200000000177e-02
9.578950899999999491e-02
1.057828799999999958e-01
1.166762699999999986e-01
1.292793399999999926e-01
1.420176800000000072e-01
1.556912199999999913e-01
1.702221899999999954e-01
1.826377600000000101e-01
1.924771500000000135e-01
1.992278600000000066e-01
2.049813799999999908e-01
2.084592899999999915e-01
2.091592800000000030e-01
2.099526999999999921e-01
2.104800000000000004e-01
2.090098800000000090e-01
2.053882300000000050e-01
2.022728199999999921e-01
2.002511800000000008e-01
1.993255800000000022e-01
2.003142400000000045e-01
2.050086499999999867e-01
2.140031500000000031e-01
2.306295899999999954e-01
2.507313899999999984e-01
2.675240300000000238e-01
2.779327899999999851e-01
2.498100600000000004e-01
2.865789599999999937e-01
2.833374100000000118e-01
2.742980300000000260e-01
2.608767699999999801e-01
2.506805400000000073e-01
2.419320899999999885e-01
2.396638700000000011e-01
2.353183199999999975e-01
2.294096899999999994e-01
2.274352099999999988e-01
2.275193000000000076e-01
2.263050699999999971e-01
2.295137299999999991e-01
2.306165299999999863e-01
2.352632100000000004e-01
2.361967500000000109e-01
2.341512500000000052e-01
2.343194299999999952e-01
2.329870300000000116e-01
2.386331600000000108e-01
2.464793100000000070e-01
2.586449000000000109e-01
2.708917399999999920e-01
2.854118900000000014e-01
2.980678199999999833e-01
3.134298300000000204e-01
3.290894100000000266e-01
3.425203700000000184e-01
3.551370899999999886e-01
3.684225600000000100e-01
3.818989700000000043e-01
3.907627499999999920e-01
3.941327099999999972e-01
3.917014100000000276e-01
3.850484699999999760e-01
3.795154000000000027e-01
3.673628800000000028e-01
3.593615800000000138e-01
3.492994799999999955e-01
3.393998400000000082e-01
3.314775600000000044e-01
3.247876499999999833e-01
3.192153799999999930e-01
3.125567200000000101e-01
3.058534199999999870e-01
3.000451399999999880e-01
2.932739799999999897e-01
2.889363899999999874e-01
2.834686599999999834e-01
2.787378899999999882e-01
2.755884200000000006e-01
2.720428699999999922e-01
2.677604199999999990e-01
2.654109499999999788e-01
2.633966899999999889e-01
2.621824700000000008e-01
2.622716700000000123e-01
2.642728599999999983e-01
2.633444200000000235e-01
2.610231399999999868e-01
2.575778300000000076e-01
2.544544699999999882e-01
2.519708999999999977e-01
2.507828100000000227e-01
2.476333099999999954e-01
2.441343800000000119e-01
2.429964300000000132e-01
2.420605000000000118e-01
2.421445899999999929e-01
2.410167300000000123e-01
2.421053900000000036e-01
2.397661399999999887e-01
2.385075899999999915e-01
2.373979099999999898e-01
2.342484099999999902e-01
2.306688000000000072e-01
2.273249800000000098e-01
2.228618199999999883e-01
2.172918199999999966e-01
2.105417199999999878e-01
2.050529700000000011e-01
1.995170599999999961e-01
1.948385599999999940e-01
1.935328600000000010e-01
1.928010099999999949e-01
1.936794500000000030e-01
1.971517399999999920e-01
2.003954900000000094e-01
2.038180699999999901e-01
2.082547399999999937e-01
2.129230099999999959e-01
2.161457800000000096e-01
2.208032500000000065e-01
2.250436899999999907e-01
2.286102299999999976e-01
2.295488900000000054e-01
2.306057300000000088e-01
2.306688000000000072e-01
2.274800899999999959e-01
2.216867999999999894e-01
2.193867499999999915e-01
2.128912000000000027e-01
2.104917199999999933e-01
2.061700399999999989e-01
2.002932199999999940e-01
1.971717400000000120e-01
1.946681100000000053e-01
1.936294500000000085e-01
1.935720599999999902e-01
1.926407900000000062e-01
1.915998499999999882e-01
1.869344199999999900e-01
1.800610099999999936e-01
1.722671000000000063e-01
1.648039099999999979e-01
1.580537700000000101e-01
1.510076099999999866e-01
1.454870400000000119e-01
1.410131099999999971e-01
1.367647200000000063e-01
1.320680399999999977e-01
1.288844600000000062e-01
1.253599599999999925e-01
1.230104900000000001e-01
1.229894700000000035e-01
1.276389900000000077e-01
1.332061300000000059e-01
1.388630600000000104e-01
1.443961300000000114e-01
1.501945399999999875e-01
1.535275399999999901e-01
1.556514499999999968e-01
1.580850199999999928e-01
1.590557099999999890e-01
1.570258999999999960e-01
1.558219100000000079e-01
1.568997699999999940e-01
1.589793599999999862e-01
1.601464300000000063e-01
1.637419499999999972e-01
1.657272100000000137e-01
1.704159299999999932e-01
1.734631500000000104e-01
1.791064400000000056e-01
1.814956899999999873e-01
1.837876200000000126e-01
1.803967999999999960e-01
1.791778199999999877e-01
1.770899300000000065e-01
1.747418799999999883e-01
1.735654399999999875e-01
1.758552499999999907e-01
1.771973199999999915e-01
1.791172400000000109e-01
1.814485299999999968e-01
1.836485599999999885e-01
1.836906399999999884e-01
1.781706399999999912e-01
1.703318400000000121e-01
1.624095299999999964e-01
1.533258399999999910e-01
1.442807700000000026e-01
1.386874899999999966e-01
1.330646500000000065e-01
1.318555399999999933e-01
1.330646500000000065e-01
1.342368300000000014e-01
1.354351500000000041e-01
1.354328800000000055e-01
1.363766499999999882e-01
1.366181300000000043e-01
1.354067399999999977e-01
1.342527400000000093e-01
1.307253999999999916e-01
1.207235100000000061e-01
1.105590999999999935e-01
9.715600600000000309e-02
8.692570700000000483e-02
7.927329099999999573e-02
7.466070099999999599e-02
7.023901800000000029e-02
6.796709800000000357e-02
6.679065600000000380e-02
6.795772299999999766e-02
6.917990400000000040e-02
7.574923599999999757e-02
8.375438300000000169e-02
9.157522799999999463e-02
9.724238699999999958e-02
1.027992999999999962e-01
1.073965499999999934e-01
1.105142199999999963e-01
1.141228100000000051e-01
1.184814200000000040e-01
1.207888500000000032e-01
1.228110399999999963e-01
1.262332700000000085e-01
1.263173800000000069e-01
1.251423399999999908e-01
1.218536499999999939e-01
1.172171899999999989e-01
1.129244900000000024e-01
1.106113799999999953e-01
1.081647399999999953e-01
1.094363500000000017e-01
1.116892399999999952e-01
1.160870600000000058e-01
1.239360600000000007e-01
1.341686500000000004e-01
1.439972499999999933e-01
1.530872100000000013e-01
1.578282000000000018e-01
1.597583499999999934e-01
1.586674200000000035e-01
1.542696000000000067e-01
1.499058900000000139e-01
1.451961400000000013e-01
1.395710199999999901e-01
1.363976799999999934e-01
1.341243400000000086e-01
1.305680200000000069e-01
1.306100600000000000e-01
1.317873599999999923e-01
1.329521499999999912e-01
1.364476799999999879e-01
1.397027700000000039e-01
1.431472400000000089e-01
1.474513000000000074e-01
1.498428199999999877e-01
1.530763900000000066e-01
1.553815500000000072e-01
1.575946699999999923e-01
1.585202599999999962e-01
1.585310500000000067e-01
1.577310299999999943e-01
1.542769800000000080e-01
1.486354099999999956e-01
1.425654199999999983e-01
1.351533400000000107e-01
1.261980400000000113e-01
1.214684099999999989e-01
1.184427799999999975e-01
1.144557699999999983e-01
1.112142400000000059e-01
1.090323799999999982e-01
1.061698199999999981e-01
1.022822399999999965e-01
9.897253400000000090e-02
9.539063200000000298e-02
9.388038699999999570e-02
9.383322800000000463e-02
9.729920400000000025e-02
1.048243299999999933e-01
1.171626300000000037e-01
1.282747899999999996e-01
1.345601399999999948e-01
1.377221299999999982e-01
1.392392100000000021e-01
1.389193099999999903e-01
1.400852399999999998e-01
1.394181899999999974e-01
1.378727100000000094e-01
1.367164200000000052e-01
1.364817700000000023e-01
1.382925899999999930e-01
1.421850400000000125e-01
1.482990299999999984e-01
1.563792999999999989e-01
1.667918300000000020e-01
1.780615299999999956e-01
1.906572500000000003e-01
2.031620100000000040e-01
2.148412100000000047e-01
2.276073600000000086e-01
2.411178599999999894e-01
2.550840400000000119e-01
2.674337199999999859e-01
2.779458499999999943e-01
2.853482600000000202e-01
2.888397999999999799e-01
2.897313000000000249e-01
2.889011599999999902e-01
2.877551199999999754e-01
2.859124900000000191e-01
2.848925400000000274e-01
2.856942699999999724e-01
2.862170299999999834e-01
2.873289900000000063e-01
2.916193799999999836e-01
2.986683800000000111e-01
3.053974899999999937e-01
3.109493099999999788e-01
3.141198399999999835e-01
3.176022900000000093e-01
3.231091899999999906e-01
3.322065299999999999e-01
3.467164799999999936e-01
3.633821300000000254e-01
3.778420499999999849e-01
3.892337599999999842e-01
3.971378899999999934e-01
3.970668700000000162e-01
3.923991700000000193e-01
3.813483699999999921e-01
3.667935600000000185e-01
3.535006800000000116e-01
3.375350599999999979e-01
3.207517599999999969e-01
3.097271300000000172e-01
2.962450400000000150e-01
2.849505299999999797e-01
2.737525800000000231e-01
2.649467099999999742e-01
2.570426100000000047e-01
2.561692899999999939e-01
2.580494199999999738e-01
2.605540399999999868e-01
2.637506700000000204e-01
2.672831199999999852e-01
2.661501399999999795e-01
2.650700400000000068e-01
2.594761800000000007e-01
2.515328399999999798e-01
2.416593300000000055e-01
2.357825199999999954e-01
2.302886899999999903e-01
2.260221199999999930e-01
2.212203299999999928e-01
2.212544200000000072e-01
2.203441600000000111e-01
2.180918500000000038e-01
2.180469600000000119e-01
2.157707799999999954e-01
2.135156199999999893e-01
2.157003299999999957e-01
2.180890099999999998e-01
2.212203299999999928e-01
2.224817099999999992e-01
2.247789199999999932e-01
2.258829199999999870e-01
2.270289600000000019e-01
2.270812299999999950e-01
2.270391900000000018e-01
2.247999400000000036e-01
2.204333699999999896e-01
2.157437600000000066e-01
2.113115999999999883e-01
2.078302800000000061e-01
2.069120700000000035e-01
2.069490400000000008e-01
2.070802900000000002e-01
2.078535800000000100e-01
2.090547299999999942e-01
2.102320299999999864e-01
2.112576200000000071e-01
2.113678499999999960e-01
2.145696199999999887e-01
2.168827299999999958e-01
2.203890500000000030e-01
2.259613199999999933e-01
2.304432299999999989e-01
2.359006999999999910e-01
2.416883099999999895e-01
2.471644899999999867e-01
2.527078600000000064e-01
2.549550600000000111e-01
2.583221800000000123e-01
2.617182699999999751e-01
2.637586199999999992e-01
2.685183700000000062e-01
2.716099200000000047e-01
2.740122300000000233e-01
2.775026400000000226e-01
2.784049399999999896e-01
2.774713899999999844e-01
2.762463700000000189e-01
2.717150300000000240e-01
2.672439200000000237e-01
2.617864500000000039e-01
2.550203999999999804e-01
2.471350200000000108e-01
2.416724000000000094e-01
2.337893199999999949e-01
2.269869200000000087e-01
2.192060700000000029e-01
2.124830299999999894e-01
2.070168000000000008e-01
2.011455199999999943e-01
1.968107699999999960e-01
1.924129499999999993e-01
1.876821800000000040e-01
1.857701999999999964e-01
1.821724200000000016e-01
1.822246899999999947e-01
1.834019699999999975e-01
1.857701999999999964e-01
1.902021100000000076e-01
1.956908599999999943e-01
2.000415200000000004e-01
2.059683300000000050e-01
2.090757599999999994e-01
2.113729599999999986e-01
2.137122100000000136e-01
2.157707799999999954e-01
2.203441600000000111e-01
2.259351900000000080e-01
2.292238900000000135e-01
2.350274099999999922e-01
2.369677699999999942e-01
2.393359899999999985e-01
2.405553300000000116e-01
2.405763599999999891e-01
2.369785600000000048e-01
2.337762600000000135e-01
2.315211000000000074e-01
2.269499799999999956e-01
2.248050500000000063e-01
2.224998900000000057e-01
2.203651899999999886e-01
2.224157999999999968e-01
2.271232800000000107e-01
2.290875300000000114e-01
2.302307000000000103e-01
2.327302099999999929e-01
2.326961200000000063e-01
2.315211000000000074e-01
2.314921199999999957e-01
2.282272800000000046e-01
2.223766000000000076e-01
2.145565500000000125e-01
2.059291299999999880e-01
1.990659300000000020e-01
1.925623800000000052e-01
1.876503599999999883e-01
1.889168599999999920e-01
1.932834300000000061e-01
2.034847700000000092e-01
2.137252799999999897e-01
2.223845499999999864e-01
2.292159400000000069e-01
2.358086600000000033e-01
2.403681199999999907e-01
2.448900900000000047e-01
2.483520899999999976e-01
2.525845700000000082e-01
2.549630199999999847e-01
2.570738599999999874e-01
2.570556800000000086e-01
2.569374600000000064e-01
2.581647599999999931e-01
2.628330600000000072e-01
2.694229399999999996e-01
2.793015600000000043e-01
2.896131200000000017e-01
3.052980599999999822e-01
3.218614399999999987e-01
3.430817299999999737e-01
3.746715600000000146e-01
4.204010499999999984e-01
4.941937499999999872e-01
5.735304900000000039e-01
6.616884400000000443e-01
7.633045400000000313e-01
8.570069500000000451e-01
9.585077199999999520e-01
9.998073899999999625e-01
9.998696700000000437e-01
9.998664800000000019e-01
9.998426200000000152e-01
1.000000000000000000e+00
9.998687499999999728e-01
1.000000000000000000e+00
9.999579600000000346e-01
9.999659100000000134e-01
9.999738599999999922e-01
9.998897700000000111e-01
9.764217200000000485e-01
9.540366000000000124e-01
9.406596900000000483e-01
9.284548599999999929e-01
9.128540499999999724e-01
9.041084099999999735e-01
8.940252800000000333e-01
8.884313799999999928e-01
8.805221699999999929e-01
8.751879299999999473e-01
8.594917300000000093e-01
8.426361599999999674e-01
8.236886500000000222e-01
8.025416600000000455e-01
7.781008900000000450e-01
7.443575900000000134e-01
7.177139300000000555e-01
6.953578000000000259e-01
6.654725500000000515e-01
6.383198100000000430e-01
6.026918100000000500e-01
5.636120700000000205e-01
5.345399499999999859e-01
5.023626199999999820e-01
4.733092600000000094e-01
4.453933500000000212e-01
4.263069899999999968e-01
4.041976800000000036e-01
3.872686499999999921e-01
3.671645800000000182e-01
3.503780200000000122e-01
3.392446199999999967e-01
3.270615599999999734e-01
3.180664899999999795e-01
3.035463400000000256e-01
2.921307799999999788e-01
2.778355900000000211e-01
2.642279699999999787e-01
2.499043800000000093e-01
2.354626400000000008e-01
2.263181400000000010e-01
2.216447500000000015e-01
2.196913000000000060e-01
2.173230700000000071e-01
2.173730700000000016e-01
2.197043599999999874e-01
2.288306800000000085e-01
2.398053400000000057e-01
2.531845600000000029e-01
2.634466899999999834e-01
2.732912200000000014e-01
2.823544299999999896e-01
2.902267499999999778e-01
2.958388000000000129e-01
2.992218200000000272e-01
3.012195599999999973e-01
3.024315499999999934e-01
3.012173200000000106e-01
2.991587499999999733e-01
2.922432799999999942e-01
2.878230099999999902e-01
2.787509599999999921e-01
2.689246499999999873e-01
2.589954700000000054e-01
2.526635400000000198e-01
2.411081999999999947e-01
2.301000199999999885e-01
2.215720300000000031e-01
2.137520199999999870e-01
2.068211299999999919e-01
1.999795500000000059e-01
1.931283199999999922e-01
1.858520499999999909e-01
1.799587400000000059e-01
1.747853400000000113e-01
1.692261399999999971e-01
1.627731799999999895e-01
1.568719299999999928e-01
1.513121600000000011e-01
1.421659500000000131e-01
1.385732699999999984e-01
1.356800400000000018e-01
1.292850399999999900e-01
1.232735499999999956e-01
1.183677900000000005e-01
1.124227899999999947e-01
1.055595899999999948e-01
1.012504000000000043e-01
9.649292800000000558e-02
9.074167900000000564e-02
8.775014700000000056e-02
8.320348399999999423e-02
8.143581900000000651e-02
8.117843600000000659e-02
8.017443400000000275e-02
7.983977899999999961e-02
7.907270700000000596e-02
7.721187899999999715e-02
7.557945800000000214e-02
7.369533600000000018e-02
7.163678299999999555e-02
7.072937099999999921e-02
7.082425700000000157e-02
6.922935299999999348e-02
6.571506400000000359e-02
6.325649799999999434e-02
6.201897700000000291e-02
6.094622599999999918e-02
5.923823799999999862e-02
5.718902499999999750e-02
5.416695299999999685e-02
5.057500200000000085e-02
4.800336899999999712e-02
4.583970400000000195e-02
4.514535799999999655e-02
4.161290599999999812e-02
4.036458899999999933e-02
3.911343099999999712e-02
3.719633700000000293e-02
3.604801900000000059e-02
3.604801900000000059e-02
3.482356500000000077e-02
3.610313200000000305e-02
3.713099599999999945e-02
3.603210999999999914e-02
3.719406399999999890e-02
3.718326899999999796e-02
3.812761099999999875e-02
3.931286099999999756e-02
4.277429199999999848e-02
4.953236500000000181e-02
5.733934300000000095e-02
6.851625699999999708e-02
8.071308200000000543e-02
9.210251299999999697e-02
1.089278399999999980e-01
1.257429300000000028e-01
1.446108999999999867e-01
1.657794800000000068e-01
1.827991399999999989e-01
1.996534199999999981e-01
2.118792399999999965e-01
2.186083500000000068e-01
2.218549800000000072e-01
2.209947600000000123e-01
2.174964000000000064e-01
2.129991499999999982e-01
2.094928299999999910e-01
2.051683099999999926e-01
2.004084200000000038e-01
1.961340400000000095e-01
1.918203400000000058e-01
1.894441299999999884e-01
1.850934999999999941e-01
1.804360100000000078e-01
1.783251799999999998e-01
1.761012700000000042e-01
1.759228700000000090e-01
1.737518000000000118e-01
1.717244800000000127e-01
1.726108699999999996e-01
1.759859300000000126e-01
1.803519199999999989e-01
1.815417300000000123e-01
1.884083400000000075e-01
1.972590600000000138e-01
1.996272799999999903e-01
2.016307400000000027e-01
2.063745800000000019e-01
2.130985800000000097e-01
2.218441800000000019e-01
2.330921400000000032e-01
2.441400599999999921e-01
2.623188300000000028e-01
2.877802600000000099e-01
3.114135100000000045e-01
3.370685500000000223e-01
3.626531299999999902e-01
3.783744700000000183e-01
4.008248899999999892e-01
4.207951500000000067e-01
4.388477900000000154e-01
4.563390299999999788e-01
4.687011799999999950e-01
4.868118000000000167e-01
5.036268799999999990e-01
5.158447099999999841e-01
5.213856999999999520e-01
5.159026599999999574e-01
4.855373099999999997e-01
4.733776199999999990e-01
4.611436600000000108e-01
4.487524999999999986e-01
4.253185400000000227e-01
4.108796399999999904e-01
3.848597999999999741e-01
3.648372699999999913e-01
3.460528199999999832e-01
3.234711499999999851e-01
3.047307100000000157e-01
2.810075000000000212e-01
2.633966899999999889e-01
2.475730800000000009e-01
2.295778699999999894e-01
2.150156400000000079e-01
1.983920399999999917e-01
1.861003400000000030e-01
1.724114399999999991e-01
1.625538599999999945e-01
1.523076299999999994e-01
1.414330099999999979e-01
1.346328699999999878e-01
1.255986000000000047e-01
1.110727499999999979e-01
1.055056099999999997e-01
1.077897500000000036e-01
1.066726800000000058e-01
1.077817900000000023e-01
1.043095599999999956e-01
1.042891100000000043e-01
1.043436600000000047e-01
1.077897500000000036e-01
1.110335499999999948e-01
1.156808000000000003e-01
1.224280900000000033e-01
1.300697100000000050e-01
1.402477599999999991e-01
1.547809699999999900e-01
1.725478000000000012e-01
1.962022200000000105e-01
2.196278000000000119e-01
2.410462700000000069e-01
2.622847400000000162e-01
2.835709299999999988e-01
3.047418199999999966e-01
3.223802199999999951e-01
3.405248599999999848e-01
3.437794800000000262e-01
3.436192499999999872e-01
3.381094800000000178e-01
3.258422200000000157e-01
3.090504000000000029e-01
2.889671100000000270e-01
2.677814499999999764e-01
2.487975299999999890e-01
2.287045500000000064e-01
2.061887900000000107e-01
1.837508700000000106e-01
1.649402699999999999e-01
1.523655899999999952e-01
1.310163099999999969e-01
1.156177300000000019e-01
1.019390700000000066e-01
8.839674899999999669e-02
7.610276600000000224e-02
6.157975999999999728e-02
5.048693499999999668e-02
3.915036300000000052e-02
3.128827199999999892e-02
2.562396299999999960e-02
2.017442399999999983e-02
1.902042500000000053e-02
2.131897799999999885e-02
3.249454300000000073e-02
4.942395000000000121e-02
7.193053000000000641e-02
1.054447099999999971e-01
1.437063299999999932e-01
1.791980400000000029e-01
2.149166700000000041e-01
2.531195399999999762e-01
2.888768400000000236e-01
3.180795599999999834e-01
3.504063199999999934e-01
3.829558100000000076e-01
4.109319100000000113e-01
4.332618799999999881e-01
4.541781899999999816e-01
4.710694400000000059e-01
4.844043000000000099e-01
4.909260300000000132e-01
4.944403399999999782e-01
5.013035399999999919e-01
4.964466399999999946e-01
4.934255100000000116e-01
4.867696899999999771e-01
4.709461099999999734e-01
4.598453499999999861e-01
4.420495600000000080e-01
4.261390199999999795e-01
4.186547600000000147e-01
4.095472299999999843e-01
4.018280000000000185e-01
3.928689100000000156e-01
3.837450099999999975e-01
3.770420600000000122e-01
3.684458500000000192e-01
3.615934499999999829e-01
3.569780200000000070e-01
3.526194400000000062e-01
3.491174200000000116e-01
3.458573699999999973e-01
3.415703800000000068e-01
3.391804900000000011e-01
3.356026200000000181e-01
3.313411600000000234e-01
3.279559000000000224e-01
3.223204599999999753e-01
3.166818100000000080e-01
3.089941500000000230e-01
2.999769199999999802e-01
2.931995499999999755e-01
2.845726599999999773e-01
2.787589100000000264e-01
2.755702400000000218e-01
2.731178899999999743e-01
2.766793200000000064e-01
2.834266200000000180e-01
2.920995299999999961e-01
3.079333300000000051e-01
3.247223100000000140e-01
3.436823199999999856e-01
3.605127399999999982e-01
3.751696400000000264e-01
3.738598200000000094e-01
3.772243800000000258e-01
3.872172300000000233e-01
3.908315399999999773e-01
3.917644800000000260e-01
3.897008299999999981e-01
3.818256700000000059e-01
3.739425599999999794e-01
3.659281999999999813e-01
3.569888500000000242e-01
3.502830299999999952e-01
3.403123699999999752e-01
3.344275999999999915e-01
3.290229399999999860e-01
3.234950200000000220e-01
3.156778100000000031e-01
3.066537699999999922e-01
2.978581599999999829e-01
2.865579400000000110e-01
2.766583000000000236e-01
2.676240599999999970e-01
2.566204200000000157e-01
2.464190800000000126e-01
2.361708299999999983e-01
2.239660300000000104e-01
2.184980900000000059e-01
2.104951300000000025e-01
2.003545800000000043e-01
1.915998499999999882e-01
1.848630300000000115e-01
1.771184700000000001e-01
1.691469300000000009e-01
1.625828400000000062e-01
1.557696299999999923e-01
1.523679799999999862e-01
1.496588699999999994e-01
1.452535199999999971e-01
1.406601500000000116e-01
1.376459899999999958e-01
1.346703700000000115e-01
1.311299599999999899e-01
1.279595799999999894e-01
1.252730300000000074e-01
1.223218400000000011e-01
1.189027799999999996e-01
1.168622299999999975e-01
1.152347799999999950e-01
1.149949900000000053e-01
1.168211599999999933e-01
1.196803099999999981e-01
1.251485999999999987e-01
1.311851500000000004e-01
1.381238499999999925e-01
1.472790999999999961e-01
1.558378099999999933e-01
1.618964599999999920e-01
1.677732299999999954e-01
1.723517800000000100e-01
1.758443699999999998e-01
1.784197100000000091e-01
1.798655399999999904e-01
1.817678500000000086e-01
1.833957200000000121e-01
1.838190500000000116e-01
1.845707799999999899e-01
1.848722700000000052e-01
1.876997900000000052e-01
1.914866100000000015e-01
1.955129800000000029e-01
2.006369299999999911e-01
2.069285899999999956e-01
2.136758500000000005e-01
2.196776599999999968e-01
2.260073499999999957e-01
2.328040700000000018e-01
2.401166999999999885e-01
2.472875700000000121e-01
2.541453799999999763e-01
2.566672199999999737e-01
2.593085299999999815e-01
2.616569100000000203e-01
2.629373199999999744e-01
2.637853600000000243e-01
2.655649199999999821e-01
2.679445100000000246e-01
2.703716099999999845e-01
2.732223300000000132e-01
2.798759800000000242e-01
2.888630899999999890e-01
2.966962100000000158e-01
3.033963100000000024e-01
3.124726299999999735e-01
3.113218899999999900e-01
3.145732399999999762e-01
3.124752499999999822e-01
3.045865700000000009e-01
2.978700899999999763e-01
2.853993899999999750e-01
2.720218400000000147e-01
2.554400700000000191e-01
2.409434299999999862e-01
2.239394700000000016e-01
2.062069699999999894e-01
1.903935800000000067e-01
1.770564099999999974e-01
1.624311300000000069e-01
1.510473999999999983e-01
1.400384000000000073e-01
1.309850599999999865e-01
1.242765400000000048e-01
1.199734999999999968e-01
1.187196100000000032e-01
1.176357100000000044e-01
1.187592600000000054e-01
1.231070799999999937e-01
1.264690800000000115e-01
1.344726300000000097e-01
1.412656999999999941e-01
1.479706299999999919e-01
1.558537200000000011e-01
1.658208700000000091e-01
1.782564299999999935e-01
1.894064500000000040e-01
2.051683099999999926e-01
2.208579400000000026e-01
2.386252100000000043e-01
2.566204200000000157e-01
2.755187499999999790e-01
2.955518699999999943e-01
3.123712399999999945e-01
3.345508899999999897e-01
3.538785500000000139e-01
3.703890799999999817e-01
3.739033600000000179e-01
3.806593899999999864e-01
3.928502999999999856e-01
4.073682100000000084e-01
4.194468399999999875e-01
4.297476100000000021e-01
4.332539200000000146e-01
4.431484500000000271e-01
4.541128500000000123e-01
4.565202800000000005e-01
4.576532600000000062e-01
4.598953499999999806e-01
4.610787900000000161e-01
4.566003900000000226e-01
4.541048899999999833e-01
4.465996500000000147e-01
4.397574699999999837e-01
4.320135600000000187e-01
4.218360899999999969e-01
4.095602999999999883e-01
3.981839400000000140e-01
3.861132700000000084e-01
3.760642000000000151e-01
3.624760000000000204e-01
3.483187699999999998e-01
2.932558000000000109e-01
2.888010599999999983e-01
2.832853499999999913e-01
2.731468699999999861e-01
2.632603299999999868e-01
2.519419199999999859e-01
2.397167099999999995e-01
2.598112899999999725e-01
2.160244299999999895e-01
2.049597200000000119e-01
1.947965200000000008e-01
1.928479600000000127e-01
1.825465300000000124e-01
1.758299999999999863e-01
1.691553299999999926e-01
1.791373699999999902e-01
1.724404099999999884e-01
1.648107199999999939e-01
1.590424300000000124e-01
1.534752699999999970e-01
1.501627000000000101e-01
1.479495999999999867e-01
1.490044799999999947e-01
1.521900200000000092e-01
