1.736177057027816772e-01
1.716403961181640625e-01
1.669724732637405396e-01
1.636788845062255859e-01
1.602486968040466309e-01
1.582424044609069824e-01
1.570443063974380493e-01
1.547917872667312622e-01
1.547679007053375244e-01
1.559892147779464722e-01
1.558446288108825684e-01
1.570389717817306519e-01
1.591577678918838501e-01
1.638362705707550049e-01
1.670067757368087769e-01
1.725085973739624023e-01
1.783462166786193848e-01
1.871338486671447754e-01
1.960527896881103516e-01
2.050450146198272705e-01
2.095240801572799683e-01
2.172389775514602661e-01
2.251800447702407837e-01
2.354546785354614258e-01
2.410064935684204102e-01
2.441973686218261719e-01
2.487373054027557373e-01
2.509000897407531738e-01
2.488526850938796997e-01
2.519214749336242676e-01
2.575329542160034180e-01
2.642149031162261963e-01
2.700996696949005127e-01
2.767526209354400635e-01
2.798810899257659912e-01
2.834294736385345459e-01
2.834266126155853271e-01
2.833882272243499756e-01
2.811513245105743408e-01
2.822123765945434570e-01
2.834084331989288330e-01
2.853386104106903076e-01
2.864948809146881104e-01
2.900614142417907715e-01
2.932165861129760742e-01
2.932626605033874512e-01
2.956132292747497559e-01
2.999899983406066895e-01
3.090009689331054688e-01
3.168732821941375732e-01
3.258865475654602051e-01
3.368248045444488525e-01
3.503718078136444092e-01
3.605766892433166504e-01
3.739164173603057861e-01
3.861604332923889160e-01
3.849439322948455811e-01
3.750257492065429688e-01
3.762397468090057373e-01
3.738669753074645996e-01
3.695316612720489502e-01
3.671793639659881592e-01
3.671270906925201416e-01
3.661145567893981934e-01
3.684276640415191650e-01
3.683827817440032959e-01
3.715634346008300781e-01
3.738584816455841064e-01
3.794233500957489014e-01
3.828535377979278564e-01
3.838211894035339355e-01
3.837791085243225098e-01
3.837057948112487793e-01
3.837268054485321045e-01
3.829558193683624268e-01
3.794756233692169189e-01
3.727391362190246582e-01
3.625898361206054688e-01
3.514893054962158203e-01
3.414873778820037842e-01
3.337065577507019043e-01
3.278899490833282471e-01
3.258865475654602051e-01
3.246461749076843262e-01
3.270405530929565430e-01
3.289968073368072510e-01
3.290047645568847656e-01
3.346088528633117676e-01
3.435277938842773438e-01
3.569780290126800537e-01
3.749340474605560303e-01
3.963566124439239502e-01
4.175877273082733154e-01
4.418160021305084229e-01
4.698686003684997559e-01
5.023234486579895020e-01
5.380223989486694336e-01
5.648211836814880371e-01
5.926740169525146484e-01
6.217591762542724609e-01
6.461267471313476562e-01
6.640669107437133789e-01
6.762455105781555176e-01
6.817842125892639160e-01
6.806933283805847168e-01
6.695635318756103516e-01
6.494654417037963867e-01
6.303480267524719238e-01
6.071106791496276855e-01
5.713088512420654297e-01
5.253903269767761230e-01
4.774576127529144287e-01
4.293856918811798096e-01
3.993214964866638184e-01
3.602428734302520752e-01
3.256403803825378418e-01
2.986683845520019531e-01
2.831091582775115967e-01
2.686127126216888428e-01
2.596335709095001221e-01
2.583852410316467285e-01
2.563579082489013672e-01
2.516794204711914062e-01
2.518265843391418457e-01
2.528964877128601074e-01
2.540215253829956055e-01
2.552988231182098389e-01
2.563840746879577637e-01
2.584483027458190918e-01
2.640103697776794434e-01
2.686337530612945557e-01
2.785441279411315918e-01
2.899188399314880371e-01
2.988991141319274902e-01
3.033627867698669434e-01
3.045060038566589355e-01
3.045111000537872314e-01
3.032968938350677490e-01
3.009655773639678955e-01
2.965416610240936279e-01
2.942495644092559814e-01
2.919313609600067139e-01
2.887085378170013428e-01
2.863403260707855225e-01
2.844101488590240479e-01
2.842476665973663330e-01
2.832720577716827393e-01
2.810328304767608643e-01
2.776902914047241211e-01
2.707655727863311768e-01
2.640364766120910645e-01
2.597148120403289795e-01
2.565312087535858154e-01
2.506623566150665283e-01
2.474679648876190186e-01
2.428343594074249268e-01
2.373848408460617065e-01
2.317733764648437500e-01
2.318504601716995239e-01
2.340597808361053467e-01
2.475310415029525757e-01
2.610262036323547363e-01
2.779094874858856201e-01
2.913438081741333008e-01
3.011019527912139893e-01
3.101544082164764404e-01
3.077787756919860840e-01
2.999667227268218994e-01
2.876358032226562500e-01
2.688013613224029541e-01
2.610705196857452393e-01
2.476151585578918457e-01
2.396638691425323486e-01
2.329870313405990601e-01
2.295460551977157593e-01
2.263442724943161011e-01
2.251823246479034424e-01
2.252220958471298218e-01
2.275403141975402832e-01
2.308131158351898193e-01
2.374320030212402344e-01
2.453071326017379761e-01
2.520928084850311279e-01
2.586761415004730225e-01
2.676661014556884766e-01
2.779117226600646973e-01
2.901636660099029541e-01
3.047497570514678955e-01
3.203188180923461914e-01
3.393657505512237549e-01
3.605735599994659424e-01
3.807739615440368652e-01
4.019499123096466064e-01
4.208502769470214844e-01
4.388659596443176270e-01
4.534099698066711426e-01
4.588777124881744385e-01
4.554610252380371094e-01
4.432146847248077393e-01
4.231287240982055664e-01
4.030124545097351074e-01
3.806847333908081055e-01
3.660100102424621582e-01
3.503148555755615234e-01
3.369662761688232422e-01
3.223830461502075195e-01
3.065566122531890869e-01
2.911182641983032227e-01
2.779197096824645996e-01
2.687229514122009277e-01
2.596756219863891602e-01
2.519209086894989014e-01
2.498674392700195312e-01
2.506436109542846680e-01
2.486560642719268799e-01
2.440747171640396118e-01
2.428763955831527710e-01
2.427531033754348755e-01
2.406706660985946655e-01
2.395303547382354736e-01
2.359580844640731812e-01
2.394644021987915039e-01
2.439383566379547119e-01
2.475310415029525757e-01
2.497521042823791504e-01
2.529987692832946777e-01
2.565442919731140137e-01
2.596778869628906250e-01
2.640836536884307861e-01
2.675638198852539062e-01
2.699053585529327393e-01
2.743429243564605713e-01
2.754861116409301758e-01
2.786697149276733398e-01
2.797816693782806396e-01
2.809356451034545898e-01
2.832720577716827393e-01
2.831900119781494141e-01
2.820652425289154053e-01
2.808697521686553955e-01
2.764145433902740479e-01
2.764537632465362549e-01
2.752577066421508789e-01
2.753628194332122803e-01
2.752764523029327393e-01
2.752793133258819580e-01
2.706291973590850830e-01
2.650410234928131104e-01
2.572551071643829346e-01
2.518362402915954590e-01
2.422127425670623779e-01
2.322375774383544922e-01
2.214021384716033936e-01
2.108383029699325562e-01
2.000716328620910645e-01
1.896333247423171997e-01
1.809166967868804932e-01
1.743580549955368042e-01
1.700500249862670898e-01
1.682113558053970337e-01
1.678090691566467285e-01
1.691840887069702148e-01
1.727580130100250244e-01
1.770637780427932739e-01
1.816115975379943848e-01
1.862162053585052490e-01
1.920095384120941162e-01
1.974357664585113525e-01
2.011233568191528320e-01
2.047086507081985474e-01
2.071297168731689453e-01
2.101843059062957764e-01
2.148576825857162476e-01
2.196839153766632080e-01
2.256476879119873047e-01
2.330177128314971924e-01
2.414377480745315552e-01
2.502265572547912598e-01
2.598920762538909912e-01
2.694581747055053711e-01
2.778668403625488281e-01
2.842363119125366211e-01
2.877386510372161865e-01
2.878494262695312500e-01
2.860778272151947021e-01
2.831788957118988037e-01
2.805129289627075195e-01
2.775088846683502197e-01
2.749480605125427246e-01
2.733286917209625244e-01
2.721644639968872070e-01
2.717962861061096191e-01
2.718042433261871338e-01
2.731945812702178955e-01
2.755048573017120361e-01
2.784168720245361328e-01
2.817766070365905762e-01
2.864704430103302002e-01
2.912943959236145020e-01
2.930875718593597412e-01
2.965286076068878174e-01
2.997856736183166504e-01
3.030974566936492920e-01
3.056150972843170166e-01
3.075743317604064941e-01
3.076316416263580322e-01
3.087333738803863525e-01
3.099498748779296875e-01
3.122027516365051270e-01
3.154363334178924561e-01
3.177755773067474365e-01
3.208619654178619385e-01
3.222387433052062988e-01
3.245177567005157471e-01
3.220682740211486816e-01
3.255768418312072754e-01
3.256558477878570557e-01
3.277070224285125732e-01
3.299624919891357422e-01
3.334099650382995605e-01
3.334940373897552490e-01
3.377662897109985352e-01
3.421902656555175781e-01
3.457488417625427246e-01
3.481011688709259033e-01
3.513080477714538574e-01
3.548592627048492432e-01
3.547228872776031494e-01
3.568547070026397705e-01
3.568626940250396729e-01
3.568444848060607910e-01
3.567865490913391113e-01
3.524017930030822754e-01
3.488903641700744629e-01
3.421141207218170166e-01
3.323087990283966064e-01
3.220705389976501465e-01
3.109544217586517334e-01
3.019462823867797852e-01
2.916744947433471680e-01
2.841243743896484375e-01
2.783969938755035400e-01
2.752264738082885742e-01
2.740134894847869873e-01
2.716676592826843262e-01
2.705059051513671875e-01
2.684763073921203613e-01
2.696825861930847168e-01
2.685024738311767578e-01
2.661726176738739014e-01
2.638927698135375977e-01
2.607218921184539795e-01
2.571920454502105713e-01
2.549942731857299805e-01
2.516379356384277344e-01
2.472083121538162231e-01
2.449480444192886353e-01
2.437630444765090942e-01
2.426041662693023682e-01
2.425123155117034912e-01
2.426167428493499756e-01
2.416485399007797241e-01
2.416542172431945801e-01
2.393411099910736084e-01
2.338393181562423706e-01
2.260323464870452881e-01
2.192640304565429688e-01
2.078745961189270020e-01
1.980090886354446411e-01
1.889407187700271606e-01
1.786922216415405273e-01
1.710398048162460327e-01
1.633589863777160645e-01
1.577628552913665771e-01
1.519462764263153076e-01
1.487416625022888184e-01
1.463785469532012939e-01
1.432500779628753662e-01
1.408585458993911743e-01
1.409477740526199341e-01
1.365260779857635498e-01
1.329805552959442139e-01
1.295952647924423218e-01
1.253099739551544189e-01
1.219428479671478271e-01
1.174115091562271118e-01
1.153000965714454651e-01
1.118335723876953125e-01
1.107665002346038818e-01
1.095204576849937439e-01
1.095676198601722717e-01
1.107133105397224426e-01
1.130318865180015564e-01
1.142461225390434265e-01
1.163887605071067810e-01
1.174717396497726440e-01
1.198189407587051392e-01
1.210985109210014343e-01
1.187461912631988525e-01
1.174899190664291382e-01
1.164308190345764160e-01
1.163597777485847473e-01
1.188513189554214478e-01
1.231468468904495239e-01
1.298208534717559814e-01
1.388522684574127197e-01
1.490928083658218384e-01
1.581532061100006104e-01
1.680766791105270386e-01
1.771240234375000000e-01
1.850412338972091675e-01
1.936925053596496582e-01
2.013841569423675537e-01
2.116957157850265503e-01
2.184247970581054688e-01
2.263232469558715820e-01
2.330500930547714233e-01
2.397030740976333618e-01
2.440167665481567383e-01
2.474577426910400391e-01
2.508509755134582520e-01
2.543493509292602539e-01
2.564994096755981445e-01
2.554874420166015625e-01
2.531271576881408691e-01
2.487328350543975830e-01
2.440616488456726074e-01
2.395877242088317871e-01
2.360870987176895142e-01
2.329898625612258911e-01
2.317807525396347046e-01
2.306188046932220459e-01
2.306295931339263916e-01
2.262658625841140747e-01
2.227072864770889282e-01
2.195759564638137817e-01
2.147843837738037109e-01
2.128656953573226929e-01
2.082203626632690430e-01
2.049695551395416260e-01
2.050529718399047852e-01
2.050552368164062500e-01
2.082445174455642700e-01
2.140923440456390381e-01
2.205827981233596802e-01
2.286233007907867432e-01
2.353183180093765259e-01
2.397712469100952148e-01
2.451395243406295776e-01
2.498674392700195312e-01
2.564420104026794434e-01
2.620120048522949219e-01
2.687619328498840332e-01
2.742378115653991699e-01
2.797845005989074707e-01
2.797265648841857910e-01
2.808728218078613281e-01
2.808697521686553955e-01
2.797396183013916016e-01
2.785964012145996094e-01
2.775316238403320312e-01
2.754389643669128418e-01
2.741855382919311523e-01
2.718803584575653076e-01
2.663655281066894531e-01
2.607557475566864014e-01
2.540397047996520996e-01
2.496288120746612549e-01
2.485094666481018066e-01
2.484486699104309082e-01
2.506703138351440430e-01
2.505964636802673340e-01
2.497259676456451416e-01
2.462827265262603760e-01
2.462304532527923584e-01
2.462196499109268188e-01
2.450264543294906616e-01
2.439791858196258545e-01
2.427517920732498169e-01
2.427372038364410400e-01
2.439514249563217163e-01
2.506936192512512207e-01
2.574096620082855225e-01
2.652558386325836182e-01
2.754861116409301758e-01
2.853175699710845947e-01
2.978473603725433350e-01
3.077577650547027588e-01
3.124936521053314209e-01
3.133590221405029297e-01
3.125777542591094971e-01
3.114265799522399902e-01
3.057565689086914062e-01
3.011331856250762939e-01
2.957052886486053467e-01
2.921307682991027832e-01
2.877352237701416016e-01
2.834266126155853271e-01
2.788532376289367676e-01
2.756514847278594971e-01
2.721582353115081787e-01
2.721502780914306641e-01
2.733855545520782471e-01
2.743741571903228760e-01
2.768185734748840332e-01
2.799862027168273926e-01
2.823697626590728760e-01
2.835947871208190918e-01
2.854880392551422119e-01
2.867624759674072266e-01
2.889682054519653320e-01
2.913648486137390137e-01
2.922222614288330078e-01
2.945825159549713135e-01
2.901875376701354980e-01
2.854880392551422119e-01
2.835237681865692139e-01
2.824197709560394287e-01
2.812204957008361816e-01
2.812975943088531494e-01
2.788219749927520752e-01
2.788503766059875488e-01
2.788111865520477295e-01
2.789242565631866455e-01
2.767947018146514893e-01
2.779566645622253418e-01
2.780822217464447021e-01
2.756196260452270508e-01
2.721582353115081787e-01
2.689484953880310059e-01
2.677922546863555908e-01
2.643120586872100830e-01
2.633836269378662109e-01
2.623688280582427979e-01
2.610364258289337158e-01
2.623449563980102539e-01
2.623165547847747803e-01
2.611807286739349365e-01
2.622926831245422363e-01
2.633574903011322021e-01
2.654944658279418945e-01
2.677655518054962158e-01
2.702150046825408936e-01
2.709570825099945068e-01
2.722446024417877197e-01
2.722315490245819092e-01
2.757378518581390381e-01
2.834868431091308594e-01
2.914358675479888916e-01
3.012644946575164795e-01
3.104140460491180420e-01
3.181818425655364990e-01
3.279450833797454834e-01
3.328957557678222656e-01
3.401010036468505859e-01
3.475971519947052002e-01
3.534648716449737549e-01
3.571786880493164062e-01
3.597371876239776611e-01
3.607622087001800537e-01
3.564734756946563721e-01
3.483596742153167725e-01
3.392361998558044434e-01
3.305485546588897705e-01
3.215926885604858398e-01
3.140090107917785645e-01
2.982842922210693359e-01
2.805140912532806396e-01
2.655757069587707520e-01
2.501776814460754395e-01
2.346376031637191772e-01
2.182247936725616455e-01
2.020903974771499634e-01
1.855940669775009155e-01
1.680931597948074341e-01
1.515456885099411011e-01
1.353090256452560425e-01
1.200098693370819092e-01
1.080545186996459961e-01
9.933275729417800903e-02
9.136328101158142090e-02
8.558818697929382324e-02
8.321880549192428589e-02
8.687116205692291260e-02
9.578950703144073486e-02
1.057828813791275024e-01
1.166762709617614746e-01
1.292793452739715576e-01
1.420176774263381958e-01
1.556912213563919067e-01
1.702221930027008057e-01
1.826377660036087036e-01
1.924771517515182495e-01
1.992278546094894409e-01
2.049813866615295410e-01
2.084592878818511963e-01
2.091592848300933838e-01
2.099526971578598022e-01
2.104800045490264893e-01
2.090098857879638672e-01
2.053882330656051636e-01
2.022728174924850464e-01
2.002511769533157349e-01
1.993255764245986938e-01
2.003142386674880981e-01
2.050086557865142822e-01
2.140031456947326660e-01
2.306295931339263916e-01
2.507313787937164307e-01
2.675240337848663330e-01
2.779327929019927979e-01
2.498100548982620239e-01
2.865789532661437988e-01
2.833374142646789551e-01
2.742980420589447021e-01
2.608767747879028320e-01
2.506805360317230225e-01
2.419320940971374512e-01
2.396638691425323486e-01
2.353183180093765259e-01
2.294096946716308594e-01
2.274352163076400757e-01
2.275193035602569580e-01
2.263050675392150879e-01
2.295137345790863037e-01
2.306165248155593872e-01
2.352632135152816772e-01
2.361967563629150391e-01
2.341512441635131836e-01
2.343194335699081421e-01
2.329870313405990601e-01
2.386331558227539062e-01
2.464793026447296143e-01
2.586449086666107178e-01
2.708917260169982910e-01
2.854118943214416504e-01
2.980678081512451172e-01
3.134298324584960938e-01
3.290894031524658203e-01
3.425203561782836914e-01
3.551370799541473389e-01
3.684225678443908691e-01
3.818989694118499756e-01
3.907627463340759277e-01
3.941327035427093506e-01
3.917014002799987793e-01
3.850484788417816162e-01
3.795154094696044922e-01
3.673628866672515869e-01
3.593615889549255371e-01
3.492994904518127441e-01
3.393998444080352783e-01
3.314775526523590088e-01
3.247876465320587158e-01
3.192153871059417725e-01
3.125567138195037842e-01
3.058534264564514160e-01
3.000451326370239258e-01
2.932739853858947754e-01
2.889363765716552734e-01
2.834686636924743652e-01
2.787379026412963867e-01
2.755884230136871338e-01
2.720428705215454102e-01
2.677604258060455322e-01
2.654109597206115723e-01
2.633966803550720215e-01
2.621824741363525391e-01
2.622716724872589111e-01
2.642728686332702637e-01
2.633444070816040039e-01
2.610231339931488037e-01
2.575778365135192871e-01
2.544544637203216553e-01
2.519708871841430664e-01
2.507828176021575928e-01
2.476333081722259521e-01
2.441343814134597778e-01
2.429964244365692139e-01
2.420604974031448364e-01
2.421445846557617188e-01
2.410167306661605835e-01
2.421053946018218994e-01
2.397661358118057251e-01
2.385075837373733521e-01
2.373979091644287109e-01
2.342484146356582642e-01
2.306687980890274048e-01
2.273249775171279907e-01
2.228618264198303223e-01
2.172918170690536499e-01
2.105417251586914062e-01
2.050529718399047852e-01
1.995170563459396362e-01
1.948385536670684814e-01
1.935328543186187744e-01
1.928010135889053345e-01
1.936794519424438477e-01
1.971517354249954224e-01
2.003954946994781494e-01
2.038180679082870483e-01
2.082547396421432495e-01
2.129230052232742310e-01
2.161457836627960205e-01
2.208032459020614624e-01
2.250436842441558838e-01
2.286102324724197388e-01
2.295488864183425903e-01
2.306057363748550415e-01
2.306687980890274048e-01
2.274800837039947510e-01
2.216867953538894653e-01
2.193867564201354980e-01
2.128912061452865601e-01
2.104917168617248535e-01
2.061700373888015747e-01
2.002932131290435791e-01
1.971717327833175659e-01
1.946681141853332520e-01
1.936294436454772949e-01
1.935720592737197876e-01
1.926407963037490845e-01
1.915998458862304688e-01
1.869344264268875122e-01
1.800610125064849854e-01
1.722670942544937134e-01
1.648039072751998901e-01
1.580537706613540649e-01
1.510076075792312622e-01
1.454870402812957764e-01
1.410131156444549561e-01
1.367647200822830200e-01
1.320680379867553711e-01
1.288844645023345947e-01
1.253599673509597778e-01
1.230104863643646240e-01
1.229894682765007019e-01
1.276389956474304199e-01
1.332061290740966797e-01
1.388630568981170654e-01
1.443961262702941895e-01
1.501945406198501587e-01
1.535275429487228394e-01
1.556514501571655273e-01
1.580850183963775635e-01
1.590557098388671875e-01
1.570259034633636475e-01
1.558219045400619507e-01
1.568997651338577271e-01
1.589793562889099121e-01
1.601464301347732544e-01
1.637419462203979492e-01
1.657272130250930786e-01
1.704159229993820190e-01
1.734631508588790894e-01
1.791064441204071045e-01
1.814956963062286377e-01
1.837876141071319580e-01
1.803967952728271484e-01
1.791778206825256348e-01
1.770899295806884766e-01
1.747418791055679321e-01
1.735654473304748535e-01
1.758552491664886475e-01
1.771973222494125366e-01
1.791172325611114502e-01
1.814485341310501099e-01
1.836485564708709717e-01
1.836906373500823975e-01
1.781706362962722778e-01
1.703318357467651367e-01
1.624095290899276733e-01
1.533258408308029175e-01
1.442807763814926147e-01
1.386874914169311523e-01
1.330646574497222900e-01
1.318555474281311035e-01
1.330646574497222900e-01
1.342368274927139282e-01
1.354351490736007690e-01
1.354328840970993042e-01
1.363766491413116455e-01
1.366181373596191406e-01
1.354067325592041016e-01
1.342527419328689575e-01
1.307253986597061157e-01
1.207235082983970642e-01
1.105590984225273132e-01
9.715600311756134033e-02
8.692570775747299194e-02
7.927329093217849731e-02
7.466070353984832764e-02
7.023901492357254028e-02
6.796709448099136353e-02
6.679065525531768799e-02
6.795772165060043335e-02
6.917990744113922119e-02
7.574923336505889893e-02
8.375438302755355835e-02
9.157522767782211304e-02
9.724238514900207520e-02
1.027992963790893555e-01
1.073965504765510559e-01
1.105142235755920410e-01
1.141228079795837402e-01
1.184814199805259705e-01
1.207888498902320862e-01
1.228110417723655701e-01
1.262332648038864136e-01
1.263173818588256836e-01
1.251423358917236328e-01
1.218536496162414551e-01
1.172171905636787415e-01
1.129244863986968994e-01
1.106113791465759277e-01
1.081647425889968872e-01
1.094363480806350708e-01
1.116892397403717041e-01
1.160870566964149475e-01
1.239360570907592773e-01
1.341686546802520752e-01
1.439972519874572754e-01
1.530872136354446411e-01
1.578281968832015991e-01
1.597583442926406860e-01
1.586674153804779053e-01
1.542696058750152588e-01
1.499058902263641357e-01
1.451961398124694824e-01
1.395710259675979614e-01
1.363976746797561646e-01
1.341243386268615723e-01
1.305680125951766968e-01
1.306100636720657349e-01
1.317873597145080566e-01
1.329521536827087402e-01
1.364476829767227173e-01
1.397027671337127686e-01
1.431472450494766235e-01
1.474512964487075806e-01
1.498428136110305786e-01
1.530763953924179077e-01
1.553815454244613647e-01
1.575946658849716187e-01
1.585202664136886597e-01
1.585310548543930054e-01
1.577310264110565186e-01
1.542769819498062134e-01
1.486354172229766846e-01
1.425654143095016479e-01
1.351533383131027222e-01
1.261980384588241577e-01
1.214684098958969116e-01
1.184427812695503235e-01
1.144557669758796692e-01
1.112142428755760193e-01
1.090323776006698608e-01
1.061698198318481445e-01
1.022822409868240356e-01
9.897253662347793579e-02
9.539063274860382080e-02
9.388038516044616699e-02
9.383323043584823608e-02
9.729920327663421631e-02
1.048243269324302673e-01
1.171626299619674683e-01
1.282747834920883179e-01
1.345601379871368408e-01
1.377221345901489258e-01
1.392392069101333618e-01
1.389193087816238403e-01
1.400852352380752563e-01
1.394181847572326660e-01
1.378727108240127563e-01
1.367164254188537598e-01
1.364817768335342407e-01
1.382925957441329956e-01
1.421850472688674927e-01
1.482990235090255737e-01
1.563792973756790161e-01
1.667918264865875244e-01
1.780615299940109253e-01
1.906572431325912476e-01
2.031620144844055176e-01
2.148412168025970459e-01
2.276073545217514038e-01
2.411178648471832275e-01
2.550840377807617188e-01
2.674337327480316162e-01
2.779458463191986084e-01
2.853482663631439209e-01
2.888397872447967529e-01
2.897312939167022705e-01
2.889011502265930176e-01
2.877551317214965820e-01
2.859124839305877686e-01
2.848925292491912842e-01
2.856942713260650635e-01
2.862170338630676270e-01
2.873289883136749268e-01
2.916193902492523193e-01
2.986683845520019531e-01
3.053974807262420654e-01
3.109492957592010498e-01
3.141198456287384033e-01
3.176022768020629883e-01
3.231091797351837158e-01
3.322065174579620361e-01
3.467164933681488037e-01
3.633821308612823486e-01
3.778420388698577881e-01
3.892337679862976074e-01
3.971378803253173828e-01
3.970668613910675049e-01
3.923991620540618896e-01
3.813483715057373047e-01
3.667935729026794434e-01
3.535006940364837646e-01
3.375350534915924072e-01
3.207517564296722412e-01
3.097271323204040527e-01
2.962450385093688965e-01
2.849505245685577393e-01
2.737525701522827148e-01
2.649466991424560547e-01
2.570426166057586670e-01
2.561692893505096436e-01
2.580494284629821777e-01
2.605540454387664795e-01
2.637506723403930664e-01
2.672831118106842041e-01
2.661501467227935791e-01
2.650700509548187256e-01
2.594761848449707031e-01
2.515328526496887207e-01
2.416593283414840698e-01
2.357825189828872681e-01
2.302886843681335449e-01
2.260221242904663086e-01
2.212203294038772583e-01
2.212544232606887817e-01
2.203441560268402100e-01
2.180918455123901367e-01
2.180469632148742676e-01
2.157707810401916504e-01
2.135156244039535522e-01
2.157003283500671387e-01
2.180890142917633057e-01
2.212203294038772583e-01
2.224817126989364624e-01
2.247789204120635986e-01
2.258829176425933838e-01
2.270289659500122070e-01
2.270812243223190308e-01
2.270391881465911865e-01
2.247999459505081177e-01
2.204333692789077759e-01
2.157437652349472046e-01
2.113115936517715454e-01
2.078302800655364990e-01
2.069120705127716064e-01
2.069490402936935425e-01
2.070802897214889526e-01
2.078535854816436768e-01
2.090547233819961548e-01
2.102320343255996704e-01
2.112576216459274292e-01
2.113678455352783203e-01
2.145696133375167847e-01
2.168827354907989502e-01
2.203890532255172729e-01
2.259613126516342163e-01
2.304432243108749390e-01
2.359007000923156738e-01
2.416883111000061035e-01
2.471644878387451172e-01
2.527078688144683838e-01
2.549550533294677734e-01
2.583221793174743652e-01
2.617182731628417969e-01
2.637586295604705811e-01
2.685183584690093994e-01
2.716099321842193604e-01
2.740122377872467041e-01
2.775026261806488037e-01
2.784049510955810547e-01
2.774713933467864990e-01
2.762463688850402832e-01
2.717150151729583740e-01
2.672439217567443848e-01
2.617864608764648438e-01
2.550204098224639893e-01
2.471350133419036865e-01
2.416723966598510742e-01
2.337893247604370117e-01
2.269869148731231689e-01
2.192060649394989014e-01
2.124830335378646851e-01
2.070167958736419678e-01
2.011455148458480835e-01
1.968107670545578003e-01
1.924129426479339600e-01
1.876821815967559814e-01
1.857701987028121948e-01
1.821724176406860352e-01
1.822246909141540527e-01
1.834019720554351807e-01
1.857701987028121948e-01
1.902021169662475586e-01
1.956908553838729858e-01
2.000415176153182983e-01
2.059683352708816528e-01
2.090757638216018677e-01
2.113729566335678101e-01
2.137122154235839844e-01
2.157707810401916504e-01
2.203441560268402100e-01
2.259351909160614014e-01
2.292238920927047729e-01
2.350274026393890381e-01
2.369677722454071045e-01
2.393359839916229248e-01
2.405553311109542847e-01
2.405763566493988037e-01
2.369785606861114502e-01
2.337762564420700073e-01
2.315210998058319092e-01
2.269499748945236206e-01
2.248050570487976074e-01
2.224998921155929565e-01
2.203651964664459229e-01
2.224158048629760742e-01
2.271232753992080688e-01
2.290875315666198730e-01
2.302307039499282837e-01
2.327302098274230957e-01
2.326961159706115723e-01
2.315210998058319092e-01
2.314921170473098755e-01
2.282272726297378540e-01
2.223765999078750610e-01
2.145565450191497803e-01
2.059291303157806396e-01
1.990659236907958984e-01
1.925623863935470581e-01
1.876503527164459229e-01
1.889168620109558105e-01
1.932834237813949585e-01
2.034847736358642578e-01
2.137252837419509888e-01
2.223845571279525757e-01
2.292159348726272583e-01
2.358086556196212769e-01
2.403681129217147827e-01
2.448900938034057617e-01
2.483520954847335815e-01
2.525845766067504883e-01
2.549630105495452881e-01
2.570738494396209717e-01
2.570556700229644775e-01
2.569374740123748779e-01
2.581647634506225586e-01
2.628330588340759277e-01
2.694229483604431152e-01
2.793015539646148682e-01
2.896131277084350586e-01
3.052980601787567139e-01
3.218614459037780762e-01
3.430817425251007080e-01
3.746715486049652100e-01
4.204010367393493652e-01
4.941937625408172607e-01
5.735304951667785645e-01
6.616884469985961914e-01
7.633045315742492676e-01
8.570069670677185059e-01
9.585077166557312012e-01
9.998074173927307129e-01
9.998696446418762207e-01
9.998664855957031250e-01
9.998426437377929688e-01
1.000000000000000000e+00
9.998687505722045898e-01
1.000000000000000000e+00
9.999579787254333496e-01
9.999659061431884766e-01
9.999738335609436035e-01
9.998897910118103027e-01
9.764217138290405273e-01
9.540365934371948242e-01
9.406597018241882324e-01
9.284548759460449219e-01
9.128540754318237305e-01
9.041084051132202148e-01
8.940252661705017090e-01
8.884313702583312988e-01
8.805221915245056152e-01
8.751879334449768066e-01
8.594917058944702148e-01
8.426361680030822754e-01
8.236886262893676758e-01
8.025416731834411621e-01
7.781009078025817871e-01
7.443575859069824219e-01
7.177139520645141602e-01
6.953577995300292969e-01
6.654725670814514160e-01
6.383197903633117676e-01
6.026918292045593262e-01
5.636120438575744629e-01
5.345399379730224609e-01
5.023626089096069336e-01
4.733092486858367920e-01
4.453933537006378174e-01
4.263069927692413330e-01
4.041976928710937500e-01
3.872686624526977539e-01
3.671645820140838623e-01
3.503780066967010498e-01
3.392446339130401611e-01
3.270615637302398682e-01
3.180664777755737305e-01
3.035463392734527588e-01
2.921307682991027832e-01
2.778355777263641357e-01
2.642279565334320068e-01
2.499043792486190796e-01
2.354626357555389404e-01
2.263181358575820923e-01
2.216447442770004272e-01
2.196913063526153564e-01
2.173230648040771484e-01
2.173730731010437012e-01
2.197043597698211670e-01
2.288306802511215210e-01
2.398053407669067383e-01
2.531845569610595703e-01
2.634466886520385742e-01
2.732912302017211914e-01
2.823544442653656006e-01
2.902267575263977051e-01
2.958388030529022217e-01
2.992218136787414551e-01
3.012195527553558350e-01
3.024315536022186279e-01
3.012173175811767578e-01
2.991587519645690918e-01
2.922432720661163330e-01
2.878230214118957520e-01
2.787509560585021973e-01
2.689246535301208496e-01
2.589954733848571777e-01
2.526635527610778809e-01
2.411081939935684204e-01
2.301000207662582397e-01
2.215720266103744507e-01
2.137520164251327515e-01
2.068211287260055542e-01
1.999795436859130859e-01
1.931283175945281982e-01
1.858520507812500000e-01
1.799587458372116089e-01
1.747853457927703857e-01
1.692261397838592529e-01
1.627731770277023315e-01
1.568719297647476196e-01
1.513121575117111206e-01
1.421659439802169800e-01
1.385732740163803101e-01
1.356800347566604614e-01
1.292850375175476074e-01
1.232735514640808105e-01
1.183677911758422852e-01
1.124227866530418396e-01
1.055595874786376953e-01
1.012504026293754578e-01
9.649293124675750732e-02
9.074167907238006592e-02
8.775014430284500122e-02
8.320348709821701050e-02
8.143582195043563843e-02
8.117843419313430786e-02
8.017443120479583740e-02
7.983978092670440674e-02
7.907270640134811401e-02
7.721187919378280640e-02
7.557945698499679565e-02
7.369533926248550415e-02
7.163678109645843506e-02
7.072936743497848511e-02
7.082425802946090698e-02
6.922934949398040771e-02
6.571506708860397339e-02
6.325649470090866089e-02
6.201897561550140381e-02
6.094622611999511719e-02
5.923823639750480652e-02
5.718902498483657837e-02
5.416695401072502136e-02
5.057500302791595459e-02
4.800336807966232300e-02
4.583970457315444946e-02
4.514535889029502869e-02
4.161290451884269714e-02
4.036458954215049744e-02
3.911343216896057129e-02
3.719633817672729492e-02
3.604801744222640991e-02
3.604801744222640991e-02
3.482356667518615723e-02
3.610313311219215393e-02
3.713099658489227295e-02
3.603211045265197754e-02
3.719406574964523315e-02
3.718326985836029053e-02
3.812761232256889343e-02
3.931286185979843140e-02
4.277429357171058655e-02
4.953236505389213562e-02
5.733934417366981506e-02
6.851625442504882812e-02
8.071307837963104248e-02
9.210251271724700928e-02
1.089278385043144226e-01
1.257429271936416626e-01
1.446108967065811157e-01
1.657794862985610962e-01
1.827991455793380737e-01
1.996534168720245361e-01
2.118792384862899780e-01
2.186083495616912842e-01
2.218549847602844238e-01
2.209947556257247925e-01
2.174963951110839844e-01
2.129991501569747925e-01
2.094928324222564697e-01
2.051683068275451660e-01
2.004084140062332153e-01
1.961340457201004028e-01
1.918203383684158325e-01
1.894441246986389160e-01
1.850935071706771851e-01
1.804360151290893555e-01
1.783251762390136719e-01
1.761012673377990723e-01
1.759228706359863281e-01
1.737518012523651123e-01
1.717244833707809448e-01
1.726108640432357788e-01
1.759859323501586914e-01
1.803519129753112793e-01
1.815417259931564331e-01
1.884083449840545654e-01
1.972590535879135132e-01
1.996272802352905273e-01
2.016307413578033447e-01
2.063745856285095215e-01
2.130985856056213379e-01
2.218441814184188843e-01
2.330921441316604614e-01
2.441400587558746338e-01
2.623188197612762451e-01
2.877802550792694092e-01
3.114134967327117920e-01
3.370685577392578125e-01
3.626531362533569336e-01
3.783744573593139648e-01
4.008249044418334961e-01
4.207951426506042480e-01
4.388477802276611328e-01
4.563390314579010010e-01
4.687011837959289551e-01
4.868117868900299072e-01
5.036268830299377441e-01
5.158447027206420898e-01
5.213857293128967285e-01
5.159026384353637695e-01
4.855373203754425049e-01
4.733776152133941650e-01
4.611436724662780762e-01
4.487524926662445068e-01
4.253185391426086426e-01
4.108796417713165283e-01
3.848598003387451172e-01
3.648372590541839600e-01
3.460528254508972168e-01
3.234711587429046631e-01
3.047307133674621582e-01
2.810074985027313232e-01
2.633966803550720215e-01
2.475730776786804199e-01
2.295778691768646240e-01
2.150156348943710327e-01
1.983920335769653320e-01
1.861003339290618896e-01
1.724114418029785156e-01
1.625538617372512817e-01
1.523076295852661133e-01
1.414330154657363892e-01
1.346328705549240112e-01
1.255985945463180542e-01
1.110727488994598389e-01
1.055056080222129822e-01
1.077897474169731140e-01
1.066726818680763245e-01
1.077817901968955994e-01
1.043095588684082031e-01
1.042891070246696472e-01
1.043436601758003235e-01
1.077897474169731140e-01
1.110335513949394226e-01
1.156807988882064819e-01
1.224280893802642822e-01
1.300697028636932373e-01
1.402477622032165527e-01
1.547809690237045288e-01
1.725478023290634155e-01
1.962022185325622559e-01
2.196277976036071777e-01
2.410462647676467896e-01
2.622847259044647217e-01
2.835709154605865479e-01
3.047418296337127686e-01
3.223802149295806885e-01
3.405248522758483887e-01
3.437794744968414307e-01
3.436192572116851807e-01
3.381094932556152344e-01
3.258422315120697021e-01
3.090504109859466553e-01
2.889671027660369873e-01
2.677814364433288574e-01
2.487975358963012695e-01
2.287045568227767944e-01
2.061887830495834351e-01
1.837508678436279297e-01
1.649402678012847900e-01
1.523655951023101807e-01
1.310163140296936035e-01
1.156177297234535217e-01
1.019390672445297241e-01
8.839675039052963257e-02
7.610276341438293457e-02
6.157976016402244568e-02
5.048693343997001648e-02
3.915036469697952271e-02
3.128827363252639771e-02
2.562396228313446045e-02
2.017442323267459869e-02
1.902042515575885773e-02
2.131897769868373871e-02
3.249454125761985779e-02
4.942395165562629700e-02
7.193052768707275391e-02
1.054447069764137268e-01
1.437063366174697876e-01
1.791980415582656860e-01
2.149166762828826904e-01
2.531195282936096191e-01
2.888768315315246582e-01
3.180795609951019287e-01
3.504063189029693604e-01
3.829558193683624268e-01
4.109319150447845459e-01
4.332618713378906250e-01
4.541781842708587646e-01
4.710694253444671631e-01
4.844042956829071045e-01
4.909260272979736328e-01
4.944403469562530518e-01
5.013035535812377930e-01
4.964466392993927002e-01
4.934255182743072510e-01
4.867696762084960938e-01
4.709461033344268799e-01
4.598453640937805176e-01
4.420495629310607910e-01
4.261390268802642822e-01
4.186547696590423584e-01
4.095472395420074463e-01
4.018279910087585449e-01
3.928689062595367432e-01
3.837450146675109863e-01
3.770420551300048828e-01
3.684458434581756592e-01
3.615934550762176514e-01
3.569780290126800537e-01
3.526194393634796143e-01
3.491174280643463135e-01
3.458573818206787109e-01
3.415703773498535156e-01
3.391804993152618408e-01
3.356026113033294678e-01
3.313411474227905273e-01
3.279559016227722168e-01
3.223204612731933594e-01
3.166818022727966309e-01
3.089941442012786865e-01
2.999769151210784912e-01
2.931995391845703125e-01
2.845726609230041504e-01
2.787589132785797119e-01
2.755702435970306396e-01
2.731178998947143555e-01
2.766793072223663330e-01
2.834266126155853271e-01
2.920995354652404785e-01
3.079333305358886719e-01
3.247223198413848877e-01
3.436823189258575439e-01
3.605127334594726562e-01
3.751696348190307617e-01
3.738598227500915527e-01
3.772243857383728027e-01
3.872172236442565918e-01
3.908315300941467285e-01
3.917644917964935303e-01
3.897008299827575684e-01
3.818256556987762451e-01
3.739425539970397949e-01
3.659282028675079346e-01
3.569888472557067871e-01
3.502830266952514648e-01
3.403123617172241211e-01
3.344275951385498047e-01
3.290229439735412598e-01
3.234950304031372070e-01
3.156778216361999512e-01
3.066537678241729736e-01
2.978581488132476807e-01
2.865579426288604736e-01
2.766582965850830078e-01
2.676240503787994385e-01
2.566204071044921875e-01
2.464190870523452759e-01
2.361708283424377441e-01
2.239660322666168213e-01
2.184980958700180054e-01
2.104951292276382446e-01
2.003545761108398438e-01
1.915998458862304688e-01
1.848630309104919434e-01
1.771184653043746948e-01
1.691469252109527588e-01
1.625828444957733154e-01
1.557696312665939331e-01
1.523679792881011963e-01
1.496588736772537231e-01
1.452535241842269897e-01
1.406601518392562866e-01
1.376459896564483643e-01
1.346703767776489258e-01
1.311299651861190796e-01
1.279595792293548584e-01
1.252730339765548706e-01
1.223218366503715515e-01
1.189027801156044006e-01
1.168622300028800964e-01
1.152347773313522339e-01
1.149949878454208374e-01
1.168211624026298523e-01
1.196803078055381775e-01
1.251485943794250488e-01
1.311851441860198975e-01
1.381238549947738647e-01
1.472790986299514771e-01
1.558378040790557861e-01
1.618964672088623047e-01
1.677732318639755249e-01
1.723517775535583496e-01
1.758443713188171387e-01
1.784197092056274414e-01
1.798655390739440918e-01
1.817678511142730713e-01
1.833957135677337646e-01
1.838190555572509766e-01
1.845707744359970093e-01
1.848722696304321289e-01
1.876997947692871094e-01
1.914866119623184204e-01
1.955129802227020264e-01
2.006369233131408691e-01
2.069285959005355835e-01
2.136758565902709961e-01
2.196776568889617920e-01
2.260073572397232056e-01
2.328040748834609985e-01
2.401167005300521851e-01
2.472875714302062988e-01
2.541453838348388672e-01
2.566672265529632568e-01
2.593085169792175293e-01
2.616569101810455322e-01
2.629373073577880859e-01
2.637853622436523438e-01
2.655649185180664062e-01
2.679445147514343262e-01
2.703716158866882324e-01
2.732223272323608398e-01
2.798759937286376953e-01
2.888630926609039307e-01
2.966962158679962158e-01
3.033963143825531006e-01
3.124726414680480957e-01
3.113218843936920166e-01
3.145732283592224121e-01
3.124752640724182129e-01
3.045865595340728760e-01
2.978700995445251465e-01
2.853993773460388184e-01
2.720218300819396973e-01
2.554400563240051270e-01
2.409434318542480469e-01
2.239394634962081909e-01
2.062069773674011230e-01
1.903935819864273071e-01
1.770564168691635132e-01
1.624311357736587524e-01
1.510473936796188354e-01
1.400384008884429932e-01
1.309850662946701050e-01
1.242765411734580994e-01
1.199735030531883240e-01
1.187196075916290283e-01
1.176357120275497437e-01
1.187592595815658569e-01
1.231070831418037415e-01
1.264690756797790527e-01
1.344726234674453735e-01
1.412657052278518677e-01
1.479706317186355591e-01
1.558537185192108154e-01
1.658208668231964111e-01
1.782564371824264526e-01
1.894064545631408691e-01
2.051683068275451660e-01
2.208579331636428833e-01
2.386252135038375854e-01
2.566204071044921875e-01
2.755187451839447021e-01
2.955518662929534912e-01
3.123712539672851562e-01
3.345508873462677002e-01
3.538785576820373535e-01
3.703890740871429443e-01
3.739033639430999756e-01
3.806594014167785645e-01
3.928503096103668213e-01
4.073682129383087158e-01
4.194468259811401367e-01
4.297476112842559814e-01
4.332539141178131104e-01
4.431484639644622803e-01
4.541128575801849365e-01
4.565202891826629639e-01
4.576532542705535889e-01
4.598953425884246826e-01
4.610787928104400635e-01
4.566003978252410889e-01
4.541049003601074219e-01
4.465996623039245605e-01
4.397574663162231445e-01
4.320135712623596191e-01
4.218360781669616699e-01
4.095602929592132568e-01
3.981839418411254883e-01
3.861132562160491943e-01
3.760642111301422119e-01
3.624759912490844727e-01
3.483187556266784668e-01
2.932558059692382812e-01
2.888010740280151367e-01
2.832853496074676514e-01
2.731468677520751953e-01
2.632603347301483154e-01
2.519419193267822266e-01
2.397167086601257324e-01
2.598112821578979492e-01
2.160244286060333252e-01
2.049597203731536865e-01
1.947965174913406372e-01
1.928479671478271484e-01
1.825465261936187744e-01
1.758300065994262695e-01
1.691553294658660889e-01
1.791373640298843384e-01
1.724404096603393555e-01
1.648107171058654785e-01
1.590424329042434692e-01
1.534752696752548218e-01
1.501626968383789062e-01
1.479496061801910400e-01
1.490044742822647095e-01
1.521900147199630737e-01
